cam0:
  T_cam_imu:
  - [0.024061551469924246, -0.00513318695520622, 0.9996973002527038, -0.0018544125673790044]
  - [-0.009563465358817497, -0.9999422424985303, -0.0049042631804164715, -0.08381843281569026]
  - [0.999664734734197, -0.009442566319332452, -0.024109252790456316, -0.10694916615764183]
  - [0.0, 0.0, 0.0, 1.0]
  cam_overlaps: []
  camera_model: pinhole
  distortion_coeffs: [-0.3046810873817194, 0.0985876067379147, -0.00010757225295819505,
    -0.00012765178658212043]
  distortion_model: radtan
  intrinsics: [422.31476312913185, 422.08635749910906, 369.13617222708706, 242.38062482018685]
  resolution: [752, 480]
  rostopic: /djiros/image
